0 {1,5,22,23,24,0}
4951 {21,25,32,43,44,0}
8526 {1,2,6,13,24,25,0}
12035 {1,5,22,23,24,0}
15544 {1,5,22,23,24,0}
19053 {21,25,32,43,44,0}
22562 {1,2,6,13,24,25,0}
26071 {1,5,22,23,24,0}
29580 {1,5,22,23,24,0}
33089 {21,25,32,43,44,0}
36598 {1,2,6,13,24,25,0}
40107 {1,5,22,23,24,0}
43616 {1,5,22,23,24,0}
47125 {21,25,32,43,44,0}
50634 {1,2,6,13,24,25,0}
54143 {1,5,22,23,24,0}
57652 {1,5,22,23,24,0}
61161 {21,25,32,43,44,0}
64670 {1,2,6,13,24,25,0}
68179 {1,5,22,23,24,0}
71688 {1,5,22,23,24,0}
75197 {21,25,32,43,44,0}
78706 {1,2,6,13,24,25,0}
82215 {1,5,22,23,24,0}
85724 {1,5,22,23,24,0}
89233 {21,25,32,43,44,0}
92742 {1,2,6,13,24,25,0}
96251 {1,5,22,23,24,0}
99760 {1,5,22,23,24,0}
103269 {21,25,32,43,44,0}
106778 {1,2,6,13,24,25,0}
110287 {1,5,22,23,24,0}
113796 {1,5,22,23,24,0}
117305 {21,25,32,43,44,0}
120814 {1,2,6,13,24,25,0}
124323 {1,5,22,23,24,0}