0 {1,5,22,23,24,0}
2044 {4,5,21,23,32,0}
2548 {1,5,22,23,24,0}
4565 {3,5,32,44,0}
5573 {4,5,21,23,32,0}
6582 {1,5,22,23,24,0}
10111 {4,5,21,23,32,0}
10615 {1,5,22,23,24,0}
12632 {3,5,32,44,0}
13641 {4,5,21,23,32,0}
14649 {1,5,22,23,24,0}
18178 {4,5,21,23,32,0}
18683 {1,5,22,23,24,0}
20699 {3,5,32,44,0}
21708 {4,5,21,23,32,0}
22716 {1,5,22,23,24,0}
26246 {4,5,21,23,32,0}
26750 {1,5,22,23,24,0}
28767 {3,5,32,44,0}
29775 {4,5,21,23,32,0}
30783 {1,5,22,23,24,0}
34313 {4,5,21,23,32,0}
34817 {1,5,22,23,24,0}
36834 {3,5,32,44,0}
37842 {4,5,21,23,32,0}
38851 {1,5,22,23,24,0}
42380 {4,5,21,23,32,0}
42884 {1,5,22,23,24,0}
44901 {3,5,32,44,0}
45909 {4,5,21,23,32,0}
46918 {1,5,22,23,24,0}
50951 {2,3,4,25,31,36,0}
52968 {4,21,23,32,0}
54985 {1,5,22,23,24,0}
59019 {2,3,4,25,31,36,0}
61036 {4,21,23,32,0}
63052 {1,5,22,23,24,0}
68599 {4,5,21,23,32,0}
69103 {1,5,22,23,24,0}
71120 {3,5,32,44,0}
72128 {4,5,21,23,32,0}
73136 {1,5,22,23,24,0}
76666 {4,5,21,23,32,0}
77170 {1,5,22,23,24,0}
79187 {3,5,32,44,0}
80195 {4,5,21,23,32,0}
81204 {1,5,22,23,24,0}
84733 {4,5,21,23,32,0}
85237 {1,5,22,23,24,0}
87254 {3,5,32,44,0}
88262 {4,5,21,23,32,0}
89271 {1,5,22,23,24,0}
92800 {4,5,21,23,32,0}
93304 {1,5,22,23,24,0}
95321 {3,5,32,44,0}
96330 {4,5,21,23,32,0}
97338 {1,5,22,23,24,0}
100867 {4,5,21,23,32,0}
101372 {1,5,22,23,24,0}
103388 {3,5,32,44,0}
104397 {4,5,21,23,32,0}
105405 {1,5,22,23,24,0}
109439 {2,3,4,25,31,36,0}
111456 {4,21,23,32,0}
113472 {1,5,22,23,24,0}
117506 {2,3,4,25,31,36,0}
119523 {4,21,23,32,0}
121540 {1,5,22,23,24,0}